(27, 3.265304, 0.10204075000000001)
(27, 3.4693855, 0.10204075000000001)
(38, 3.673467, 0.10204075000000001)
(27, 4.2857115, 0.10204075000000046)
(38, 4.489793, 0.10204075000000046)
(27, 4.897956, 0.10204075000000046)
(27, 5.1020375, 0.10204075000000046)
(38, 5.306119, 0.10204075000000046)
(27, 5.9183635, 0.10204075000000046)
(38, 6.122445, 0.10204075000000046)
(27, 6.530608, 0.10204074999999957)
(27, 6.7346895, 0.10204074999999957)
(38, 6.938771, 0.10204074999999957)
(27, 7.5510155, 0.10204074999999957)
(38, 7.755097, 0.10204074999999957)
(27, 8.16326, 0.10204075000000046)
(27, 8.3673415, 0.10204075000000046)
(38, 8.571423, 0.10204075000000046)
(27, 9.1836675, 0.10204075000000046)
(38, 9.387749, 0.10204075000000046)
(27, 9.795912, 0.10204075000000046)
(27, 9.9999935, 0.10204074999999868)
(38, 10.204075, 0.10204075000000046)
(27, 10.8163195, 0.10204074999999868)
(38, 11.020401, 0.10204075000000046)
(27, 11.428564, 0.10204075000000046)
(27, 11.6326455, 0.10204074999999868)
(38, 11.836727, 0.10204075000000046)
(27, 12.4489715, 0.10204074999999868)
(38, 12.653053, 0.10204075000000046)
(27, 13.061216, 0.10204075000000046)
(27, 13.265297499999999, 0.10204075000000046)
(38, 13.469379, 0.10204075000000046)
(27, 14.0816235, 0.10204075000000046)
(38, 14.285705, 0.10204075000000046)
(27, 14.693868, 0.10204075000000046)
(27, 14.8979495, 0.10204075000000046)
(38, 15.102031, 0.10204075000000046)
(27, 15.7142755, 0.10204075000000046)
(38, 15.918357, 0.10204075000000046)
(27, 16.32652, 0.10204075000000046)
(27, 16.5306015, 0.10204075000000046)
(38, 16.734683, 0.10204075000000046)
(27, 17.3469275, 0.10204075000000046)
(38, 17.551009, 0.10204075000000046)
(27, 17.959172, 0.10204075000000046)
(27, 18.1632535, 0.10204075000000046)
(38, 18.367335, 0.10204075000000046)
(27, 18.9795795, 0.10204075000000046)
(38, 19.183661, 0.10204075000000046)
(27, 19.591824, 0.10204075000000046)
(27, 19.7959055, 0.10204075000000046)
(38, 19.999987, 0.10204075000000046)
(27, 20.6122315, 0.10204075000000046)
(38, 20.816313, 0.10204075000000046)
(27, 21.224476, 0.10204075000000046)
(27, 21.4285575, 0.10204075000000046)
(49, 22.857128, 0.10204075000000046)
(27, 22.857128, 0.10204075000000046)
(46, 23.0612095, 0.10204075000000046)
(27, 23.265291, 0.1020407499999969)
(38, 23.265291, 0.1020407499999969)
(44, 23.265291, 0.10629244791666537)
(46, 23.4693725, 0.10204075000000046)
(27, 23.673454, 0.10204075000000046)
(44, 23.677705697916668, 0.1020407499999969)
(46, 23.8775355, 0.10204075000000046)
(27, 24.081617, 0.1020407499999969)
(38, 24.081617, 0.1020407499999969)
(44, 24.085868697916666, 0.10204075000000046)
(46, 24.2856985, 0.10204075000000046)
(27, 24.48978, 0.10204075000000046)
(44, 24.491905848958332, 0.10204075000000046)
(46, 24.6938615, 0.10204075000000046)
(27, 24.897943, 0.1020407499999969)
(38, 24.897943, 0.1020407499999969)
(44, 24.897943, 0.10629244791666537)
(46, 25.1020245, 0.10204075000000046)
(27, 25.306106, 0.10204075000000046)
(44, 25.31035769791667, 0.1020407499999969)
(46, 25.5101875, 0.10204075000000046)
(27, 25.714269, 0.1020407499999969)
(38, 25.714269, 0.1020407499999969)
(44, 25.718520697916667, 0.10204075000000046)
(46, 25.9183505, 0.10204075000000046)
(27, 26.122432, 0.10204075000000046)
(44, 26.124557848958332, 0.10204075000000046)
(46, 26.3265135, 0.10204075000000046)
(27, 26.530594999999998, 0.10204075000000046)
(38, 26.530594999999998, 0.10204075000000046)
(44, 26.530594999999998, 0.10629244791666892)
(46, 26.7346765, 0.10204075000000046)
(27, 26.938758, 0.10204075000000046)
(44, 26.943009697916665, 0.10204075000000046)
(46, 27.1428395, 0.10204075000000046)
(27, 27.346921, 0.10204075000000046)
(38, 27.346921, 0.10204075000000046)
(44, 27.351172697916667, 0.10204075000000046)
(46, 27.5510025, 0.10204075000000046)
(27, 27.755084, 0.10204075000000046)
(44, 27.757209848958333, 0.10204075000000046)
(46, 27.9591655, 0.10204075000000046)
(27, 28.163247, 0.10204075000000046)
(38, 28.163247, 0.10204075000000046)
(44, 28.163247, 0.10629244791666892)
(46, 28.3673285, 0.10204075000000046)
(27, 28.57141, 0.10204075000000046)
(44, 28.575661697916665, 0.10204075000000046)
(38, 28.7754915, 0.10204075000000046)
(27, 28.979573, 0.10204075000000046)
(38, 28.979573, 0.10204075000000046)
(38, 29.28569525, 0.10204075000000046)
(49, 29.387736, 0.10204075000000046)
(27, 29.387736, 0.10204075000000046)
(46, 29.5918175, 0.1020407499999969)
(27, 29.795899, 0.10204075000000046)
(38, 29.795899, 0.10204075000000046)
(44, 29.795899, 0.10629244791666892)
(46, 29.9999805, 0.10204075000000046)
(27, 30.204062, 0.10204075000000046)
(44, 30.208313697916665, 0.10204075000000046)
(46, 30.4081435, 0.1020407499999969)
(27, 30.612225, 0.10204075000000046)
(38, 30.612225, 0.10204075000000046)
(44, 30.616476697916667, 0.10204075000000046)
(46, 30.8163065, 0.10204075000000046)
(27, 31.020388, 0.10204075000000046)
(44, 31.022513848958333, 0.10204075000000046)
(46, 31.2244695, 0.1020407499999969)
(27, 31.428551, 0.10204075000000046)
(38, 31.428551, 0.10204075000000046)
(44, 31.428551, 0.10629244791666892)
(46, 31.6326325, 0.10204075000000046)
(27, 31.836714, 0.10204075000000046)
(44, 31.840965697916666, 0.10204075000000046)
(46, 32.0407955, 0.10204075000000046)
(27, 32.244877, 0.10204075000000046)
(38, 32.244877, 0.10204075000000046)
(44, 32.24912869791667, 0.10204075000000046)
(46, 32.4489585, 0.10204074999999335)
(27, 32.65304, 0.10204075000000046)
(44, 32.65516584895833, 0.10204075000000046)
(46, 32.8571215, 0.10204075000000046)
(27, 33.061203, 0.10204075000000046)
(38, 33.061203, 0.10204075000000046)
(44, 33.061203, 0.10629244791666537)
(46, 33.2652845, 0.10204075000000046)
(27, 33.469366, 0.10204075000000046)
(44, 33.473617697916666, 0.10204075000000046)
(46, 33.6734475, 0.10204075000000046)
(27, 33.877529, 0.10204075000000046)
(38, 33.877529, 0.10204075000000046)
(44, 33.88178069791667, 0.10204075000000046)
(46, 34.0816105, 0.10204075000000046)
(38, 34.18365125, 0.10204075000000046)
(46, 34.285692, 0.10204075000000046)
(27, 34.285692, 0.10204075000000046)
(46, 34.4897735, 0.10204075000000046)
(27, 34.4897735, 0.10204075000000046)
(44, 34.693855, 0.10204075000000046)
(38, 34.79589575, 0.10204075000000046)
(46, 34.8979365, 0.10204075000000046)
(27, 34.8979365, 0.10204075000000046)
(46, 35.102018, 0.10204075000000046)
(27, 35.102018, 0.10204075000000046)
(44, 35.3060995, 0.10204075000000046)
(27, 35.3060995, 0.10204075000000046)
(46, 35.510181, 0.10204075000000046)
(38, 35.510181, 0.10204075000000046)
(49, 35.918344, 0.10204075000000046)
(27, 35.918344, 0.10204075000000046)
(46, 36.1224255, 0.10204075000000046)
(27, 36.326507, 0.10204075000000046)
(38, 36.326507, 0.10204075000000046)
(44, 36.326507, 0.10629244791666537)
(46, 36.5305885, 0.10204075000000046)
(27, 36.73467, 0.10204075000000046)
(44, 36.738921697916666, 0.10204075000000046)
(46, 36.9387515, 0.10204075000000046)
(27, 37.142833, 0.10204074999999335)
(38, 37.142833, 0.10204074999999335)
(44, 37.14708469791667, 0.10204075000000046)
(46, 37.3469145, 0.10204075000000046)
(27, 37.550996, 0.10204075000000046)
(44, 37.553121848958334, 0.10204075000000046)
(46, 37.7550775, 0.10204075000000046)
(27, 37.959159, 0.10204075000000046)
(38, 37.959159, 0.10204075000000046)
(44, 37.959159, 0.10629244791666537)
(46, 38.1632405, 0.10204075000000046)
(27, 38.367322, 0.10204075000000046)
(44, 38.371573697916666, 0.10204075000000046)
(46, 38.5714035, 0.10204075000000046)
(27, 38.775485, 0.10204074999999335)
(38, 38.775485, 0.10204074999999335)
(44, 38.77973669791667, 0.10204075000000046)
(46, 38.9795665, 0.10204075000000046)
(27, 39.183648, 0.10204075000000046)
(44, 39.185773848958334, 0.10204075000000046)
(46, 39.3877295, 0.10204075000000046)
(27, 39.591811, 0.10204075000000046)
(38, 39.591811, 0.10204075000000046)
(44, 39.591811, 0.10629244791666537)
(46, 39.7958925, 0.10204075000000046)
(27, 39.999974, 0.10204075000000046)
(44, 40.00422569791667, 0.10204075000000046)
(46, 40.2040555, 0.10204075000000046)
(27, 40.408136999999996, 0.10204075000000046)
(38, 40.408136999999996, 0.10204075000000046)
(44, 40.41238869791667, 0.10204075000000046)
(46, 40.6122185, 0.10204075000000046)
(27, 40.8163, 0.10204075000000046)
(44, 40.818425848958334, 0.10204075000000046)
(46, 41.0203815, 0.10204075000000046)
(27, 41.224463, 0.10204075000000046)
(38, 41.224463, 0.10204075000000046)
(44, 41.224463, 0.10629244791666537)
(46, 41.4285445, 0.10204075000000046)
(27, 41.632626, 0.10204075000000046)
(44, 41.63687769791667, 0.10204075000000046)
(46, 41.8367075, 0.10204075000000046)
(27, 42.040789, 0.10204075000000046)
(38, 42.040789, 0.10204075000000046)
(44, 42.04504069791667, 0.10204075000000046)
(46, 42.2448705, 0.10204075000000046)
(49, 42.448952, 0.10204075000000046)
(27, 42.448952, 0.10204075000000046)
(44, 42.451077848958334, 0.10204075000000046)
(46, 42.6530335, 0.10204075000000046)
(27, 42.857115, 0.10204075000000046)
(38, 42.857115, 0.10204075000000046)
(44, 42.857115, 0.10629244791666537)
(46, 43.0611965, 0.10204075000000046)
(27, 43.265278, 0.10204075000000046)
(44, 43.26952969791667, 0.10204075000000046)
(46, 43.4693595, 0.10204074999999335)
(27, 43.673441, 0.10204075000000046)
(38, 43.673441, 0.10204075000000046)
(44, 43.67769269791667, 0.10204075000000046)
(46, 43.8775225, 0.10204075000000046)
(27, 44.081604, 0.10204075000000046)
(44, 44.083729848958335, 0.10204075000000046)
(46, 44.2856855, 0.10204075000000046)
(27, 44.489767, 0.10204075000000046)
(38, 44.489767, 0.10204075000000046)
(44, 44.489767, 0.10629244791666537)
(46, 44.6938485, 0.10204075000000046)
(27, 44.89793, 0.10204075000000046)
(44, 44.90218169791667, 0.10204075000000046)
(46, 45.1020115, 0.10204074999999335)
(27, 45.306093, 0.10204075000000046)
(38, 45.306093, 0.10204075000000046)
(44, 45.31034469791667, 0.10204075000000046)
(46, 45.5101745, 0.10204075000000046)
(27, 45.714256, 0.10204075000000046)
(44, 45.716381848958335, 0.10204075000000046)
(46, 45.9183375, 0.10204075000000046)
(27, 46.122419, 0.10204075000000046)
(38, 46.122419, 0.10204075000000046)
(44, 46.122419, 0.10629244791666537)
(46, 46.3265005, 0.10204075000000046)
(27, 46.530582, 0.10204075000000046)
(44, 46.53483369791667, 0.10204075000000046)
(46, 46.734663499999996, 0.10204075000000046)
(27, 46.938745, 0.10204075000000046)
(38, 46.938745, 0.10204075000000046)
(44, 46.94299669791667, 0.10204075000000046)
(46, 47.1428265, 0.10204075000000046)
(38, 47.24486725, 0.10204075000000046)
(27, 47.346908, 0.10204075000000046)
(44, 47.349033848958335, 0.10204075000000046)
(27, 47.755071, 0.10204075000000046)
(27, 48.163234, 0.10204075000000046)
(27, 48.571397, 0.10204075000000046)
